9489337
8500973
8471658
8499440
8590934
8581282
8528704
8577200
8580741
8574818
8527690
8576650
8573359
8575498
8572976
8573526
8527486
8573476
8572218
8569938
8574561
8575637
8525526
8572551
8577122
8575059
8575190
8577406
8583668
8576315
8574842
8576540
8579147
8527056
8574398
8572035
8576981
8576271
8581315
8579176
8578961
8575602
8577288
8578008
8579691
8577295
8575562
8579850
8578405
8577317
8580513
8574379
8577470
8580165
8577266
8528307
8573270
8576169
8575213
8573661
8519915
8572315
8575639
8578879
8575321
8576311
8578352
8575229
8574113
8568450
8571427
8568360
8570385
8571057
8569125
8572678
8572926
8521406
8572428
8576375
8564595
8568030
8569398
8570891
8569687
8570747
8572170
8578148
8573366
8568222
8570461
8565943
8567631
8567945
8572331
8571365
8520823
8572608
8575560
8580212
